-0.0924529	-0.200066
1.77928	3.08255
2.13631	2.83113
-0.349492	0.138204
-0.30587	0.125427
1.93498	2.88641
2.15128	2.60029
0.042587	0.282231
0.0444609	-0.336466
1.78706	2.85634
0.25725	0.687596
2.62439	3.08506
0.318367	-0.598096
2.38484	2.8948
2.16809	2.89153
1.94128	2.33069
2.12264	3.40699
-0.877801	-0.196818
1.63655	2.12212
0.0226558	0.357867
2.20035	3.43195
2.1148	3.09231
0.630659	-0.517467
-0.430305	0.222334
2.41925	3.16811
-0.685749	-0.670201
1.87231	2.83321
-0.043782	-0.043057
-0.0445067	0.778124
2.15915	3.51435
0.447241	0.363509
2.15151	3.30942
1.73461	2.88586
0.142537	-0.0523892
0.279971	-0.129431
1.97192	3.07936
1.67253	2.59435
1.82789	4.09612
1.6586	2.513
2.02213	2.64527
2.27363	3.59928
-0.423902	0.179579
-0.207726	-0.808731
2.05788	2.70983
0.76065	-0.0266545
2.26181	3.23297
1.96854	3.47884
1.4408	-0.438713
2.28832	3.3037
0.0325397	-0.36012
0.7731	-0.578916
0.351821	0.445623
2.19212	2.94354
-0.307513	0.394936
0.00670699	0.238337
-0.0711445	0.545564
1.8905	3.00025
-0.0545455	-0.537146
-0.400067	-0.423629
-0.699877	0.223875
2.03769	2.83511
0.216708	-0.445131
-0.241575	-0.239315
2.04619	2.5669
1.62548	2.61899
1.60042	2.49117
-0.195673	-0.109188
0.0067279	0.544828
-0.393403	0.289354
0.454767	-0.528655
1.97891	2.80693
-0.157485	0.34767
0.455012	0.20689
0.359962	0.75095
2.22943	2.93744
0.0665579	-1.04388
1.98228	3.27674
1.53017	2.88574
-0.0205381	-0.705739
0.730796	-0.214968
1.62543	2.72774
1.39131	2.75325
-0.54382	0.672373
2.43811	2.57465
2.19106	3.57426
-0.150219	0.0753277
0.336609	-0.757611
0.905173	-0.391802
0.100337	0.199401
2.04246	2.93891
0.281881	0.385192
1.13885	1.14488
1.93845	3.1921
-0.362197	0.173859
0.307615	-0.260644
-0.157311	0.404326
0.0117936	0.570762
-0.0196408	0.0182134
-0.453374	0.70839
2.00675	3.04748
-0.355197	0.570109
0.526601	-0.349983
0.398714	0.274885
1.89525	3.086
-0.332661	-0.0173795
2.23702	2.76472
1.86791	2.65342
2.0643	3.10064
1.9873	3.47507
0.303027	-0.463527
1.86137	3.10553
1.96342	2.63275
1.84634	3.54161
-0.0882556	0.0675381
1.95563	3.09232
0.1339	-0.100146
2.17958	2.45464
1.69116	2.92642
1.89477	2.7688
0.614724	-0.0934356
0.0142983	0.101857
1.97457	2.76267
0.204425	-0.320931
1.72933	3.27714
0.2489	-0.196546
2.07236	2.8808
0.224775	0.080697
1.79556	3.3886
0.67199	0.498609
2.06202	2.49839
0.545834	0.110927
1.85228	3.16807
0.302726	0.743573
0.420842	-0.758642
1.84083	2.19449
0.119809	0.459469
1.70977	3.46331
2.19791	2.44402
-0.211865	-0.0705751
0.499078	-0.552125
1.73261	2.67686
1.8666	2.47185
2.17367	2.86962
1.9028	3.08877
1.64816	2.88209
0.0115463	0.93863
-0.392288	-0.0338835
2.19109	2.89756
1.98659	3.69486
2.18359	3.02238
-0.308045	0.453378
0.447506	-0.58557
2.63776	2.51012
-0.0551779	-0.361014
1.77647	2.61976
0.539994	0.63138
0.195666	0.327138
-0.842064	0.0447729
2.36264	2.58276
1.83004	3.32452
-0.367065	-0.0256021
1.90147	3.41107
1.76313	2.88034
1.22954	2.66222
2.22822	2.36842
0.185261	0.58374
0.361207	0.854107
2.40622	3.08346
-0.625538	-0.673927
-0.683987	-0.114595
0.425142	0.429205
1.85075	2.7871
0.316532	0.657344
1.67998	3.15983
0.36973	-0.920259
1.9387	3.18517
0.318169	0.594248
1.6217	3.50233
-0.897683	0.160301
2.13731	3.00499
0.129062	0.31047
1.85485	3.31556
2.14316	3.28127
-0.344833	0.239988
2.19801	2.54861
1.62256	2.53163
2.21013	3.62515
-0.722496	-0.368541
2.48005	3.34182
1.97799	3.23256
0.209271	0.233378
2.63352	2.89358
1.77414	2.8809
1.3313	3.509
-0.0198472	0.623837
1.86562	2.2443
0.0360386	0.125974
-0.866695	0.688937
0.683562	-1.02255
2.04165	3.31528
-0.183879	-0.485319
-0.225256	-0.0737291
-0.582425	0.269888
0.424243	0.0270189
-0.0467909	1.14816
0.0180947	-0.0347346
1.68482	2.67619
0.419591	-0.0554851
0.048915	-0.0577984
1.90617	3.43478
-0.131422	-0.583491
1.80495	2.42357
2.16432	3.10485
2.05585	2.62798
2.25527	2.96023
1.51237	2.72672
0.0877206	0.226791
2.18633	2.55239
-0.0617479	-0.259371
-0.458777	-0.416328
-0.366914	0.383717
0.332387	-0.746732
1.72983	2.17741
-0.108031	1.2482
0.661815	0.0834178
0.298959	-0.501386
-0.158715	0.347569
1.95187	3.01845
-0.249007	-0.410007
0.396798	-0.565652
0.183702	0.270328
0.138718	-0.295555
0.503988	-0.467157
-0.139665	0.589072
2.20257	3.07205
0.823328	-0.302894
1.7814	3.73052
1.65185	2.85742
-0.507236	0.717618
0.366237	-0.709029
1.70275	2.469
1.60816	3.33302
1.63426	2.686
-0.673769	0.171412
0.357139	0.337417
0.0288074	-0.0567442
0.549914	0.227203
2.75975	2.89323
0.156614	0.766717
-0.499532	-0.301272
-0.238409	-0.238062
2.32374	3.60334
0.152493	0.620562
2.00728	2.80534
0.321795	0.484802
2.0047	2.69458
1.86995	2.66121
-0.151266	-0.397146
2.66034	3.04699
0.282873	0.00899889
1.84866	2.71498
0.0770257	0.105156
2.15869	3.21088
0.167807	0.911276
1.73657	2.66214
2.39761	2.9299
0.0283992	-0.0635212
0.518965	-0.509606
0.397229	-0.0305424
-0.777006	-0.0680933
1.39825	2.5718
-0.169312	-0.255629
-0.00591065	-0.530799
2.16831	3.09239
-0.406144	0.368375
1.82726	3.1213
0.125997	0.133666
-0.594526	-0.697584
1.68781	2.49531
-0.150636	-0.488992
2.38075	3.37253
-0.310447	-0.4963
2.36018	3.81248
0.69039	0.224883
1.92757	2.60924
0.0235857	0.472516
1.92016	3.27395
-0.47201	-0.123011
-0.751717	-0.495978
-0.393305	0.451722
2.87451	2.96255
2.45503	3.20685
2.09783	2.63913
-0.155509	-0.0868832
2.59332	2.91146
2.07643	2.5467
0.0746235	0.163645
0.0957133	0.323819
0.431312	-0.149104
0.405872	0.483279
2.04016	3.22957
2.10664	2.80304
0.128027	-0.117101
1.96516	2.92293
-0.251786	-0.323614
0.284553	-0.632868
2.37208	2.85453
-0.231863	0.435375
-0.164682	0.00386795
2.0524	1.89633
-0.797069	-0.437371
0.30228	0.0863883
2.26454	2.96667
-0.309789	0.0840063
0.394178	1.15904
1.71029	2.89395
2.72636	2.80317
2.00919	2.81409
-0.529864	-1.57336
0.463215	-0.319997
-0.0590744	0.285676
1.58619	2.82977
1.91454	3.13421
2.05779	2.53559
0.151958	0.53763
-1.03135	-0.591569
2.0973	3.38209
2.44589	3.32638
1.87638	2.7447
2.03952	3.02372
2.2819	2.4241
2.11263	3.40324
2.57989	3.33909
0.391695	0.409076
2.23224	3.63333
1.95716	2.75633
-0.375978	-0.936851
0.323455	-0.275179
2.06512	3.52451
-0.318017	0.295042
-0.60623	1.02625
-0.231416	0.265092
0.517365	-0.499704
2.27132	2.6045
0.375267	-0.561238
2.13207	2.62894
1.89984	3.61086
2.47691	3.20706
0.446985	-0.059489
0.916662	-0.689365
2.39787	2.80372
-0.413351	-0.308613
2.43428	3.25799
1.79747	3.26637
0.284351	0.642948
-0.374338	0.684566
0.0754674	-0.0180446
2.09658	3.20159
0.178564	-0.490392
0.124767	0.475681
1.78059	3.09493
1.94387	2.9264
2.44005	2.22947
1.94169	2.51487
0.124836	0.571795
1.78889	3.31185
2.46769	2.58219
-0.664746	-0.28828
1.49377	2.21073
0.213999	0.125552
-1.05893	0.303829
1.94588	3.32188
0.0731182	0.235007
2.66105	3.05978
0.770578	0.0240321
1.74524	2.53208
2.15569	2.9603
2.59846	2.46128
0.0790783	-0.300541
0.0286904	-0.144696
-0.975892	0.0512638
2.093	3.29354
2.58419	3.6961
2.19507	2.77615
2.69484	3.23944
-0.220529	-0.323045
1.6337	2.48037
1.38346	2.82667
1.83842	2.82667
